0 0.30325603124998757 0.8890577241379128 0.38180256250001243 0.8890577241379128 0.38180256250001243 1.0046204367816276 0.30325603124998757 1.0046204367816276
0 0.3605869849288373 0.8638521157573698 0.4289637963211627 0.8638521157573698 0.4289637963211627 0.9644524819437796 0.3605869849288373 0.9644524819437796
0 0.4178316614522924 0.8747983065045222 0.4962308385477076 0.8747983065045222 0.4962308385477076 0.9901442222311101 0.4178316614522924 0.9901442222311101
0 0.38222319421563716 0.7649375730988685 0.46787446203436284 0.7649375730988685 0.46787446203436284 0.8909532314988328 0.38222319421563716 0.8909532314988328
0 0.4653057251780557 0.7797745152044956 0.5469013060719443 0.7797745152044956 0.5469013060719443 0.8998231859449296 0.4653057251780557 0.8998231859449296
0 0.5363578842930123 0.7212363125230528 0.6145210219569877 0.7212363125230528 0.6145210219569877 0.8362349518447634 0.5363578842930123 0.8362349518447634
0 0.4380948506198632 0.6883751825211779 0.5140535868801368 0.6883751825211779 0.5140535868801368 0.8001305646052588 0.4380948506198632 0.8001305646052588
0 0.5045695437197354 0.654352317196852 0.5667195187802646 0.654352317196852 0.5667195187802646 0.7457913609640675 0.5045695437197354 0.7457913609640675
0 0.5629555026619 0.6263885556404964 0.6284507473381 0.6263885556404964 0.6284507473381 0.7227493753939862 0.5629555026619 0.7227493753939862
0 0.7304913317999308 0.611024603107944 0.8017352307000692 0.611024603107944 0.8017352307000692 0.71584321298401 0.7304913317999308 0.71584321298401
0 0.8829728522995409 0.5954227022338073 0.9627302727004591 0.5954227022338073 0.9627302727004591 0.7127669529386064 0.8829728522995409 0.7127669529386064
0 0.9479223043266294 0.6022592523426271 1.0125269144233706 0.6022592523426271 1.0125269144233706 0.6973097131746142 0.9479223043266294 0.6973097131746142
0 0.6683045699302175 0.602505574150205 0.7345274613197825 0.602505574150205 0.7345274613197825 0.6999369545854273 0.6683045699302175 0.6999369545854273
0 0.4615079615556993 0.5974628629785002 0.5194490696943007 0.5974628629785002 0.5194490696943007 0.6827095508146033 0.4615079615556993 0.6827095508146033
0 0.5915247539427617 0.5545565345364771 0.6682408710572383 0.5545565345364771 0.6682408710572383 0.6674262240842126 0.5915247539427617 0.6674262240842126
0 0.5164962099526427 0.5422300560222788 0.5958084775473573 0.5422300560222788 0.5958084775473573 0.6589193692650774 0.5164962099526427 0.6589193692650774
0 0.782726218406295 0.5388098385747788 0.861316750343705 0.5388098385747788 0.861316750343705 0.6544372878620028 0.782726218406295 0.6544372878620028
0 0.7170030179616665 0.534067658610268 0.7766493257883335 0.534067658610268 0.7766493257883335 0.6218231459874333 0.7170030179616665 0.6218231459874333
0 0.6377918810097348 0.4958317329798398 0.7167003064902652 0.4958317329798398 0.7167003064902652 0.6119268877098154 0.6377918810097348 0.6119268877098154
0 0.8930269466407857 0.461867231839317 0.9912503971092143 0.461867231839317 0.9912503971092143 0.6063798945974647 0.8930269466407857 0.6063798945974647
0 0.8291183734762361 0.46733795178112886 0.8964675640237639 0.46733795178112886 0.8964675640237639 0.566426416034963 0.8291183734762361 0.566426416034963
0 0.7531303118239363 0.4446198840628029 0.8298775006760637 0.4446198840628029 0.8298775006760637 0.5575352883509903 0.7531303118239363 0.5575352883509903
0 0.8913611590131661 0.4008675672837387 0.9392052472368339 0.4008675672837387 0.9392052472368339 0.4712588694978705 0.8913611590131661 0.4712588694978705
0 0.6898396868191117 0.4237009185384631 0.7608439069308883 0.4237009185384631 0.7608439069308883 0.528166897553491 0.6898396868191117 0.528166897553491
0 0.8206951842702479 0.35508889179990505 0.8975665344797521 0.35508889179990505 0.8975665344797521 0.4681869702690605 0.8206951842702479 0.4681869702690605
0 0.9342757508564176 0.36450915068530393 1.0076187803935825 0.36450915068530393 1.0076187803935825 0.47241613667101795 0.9342757508564176 0.47241613667101795
0 0.8892491354821735 0.31873723381285296 0.9554774270178265 0.31873723381285296 0.9554774270178265 0.4161765592905953 0.8892491354821735 0.4161765592905953
0 0.24801041936894022 0.3587825710255672 0.32816145563105975 0.3587825710255672 0.32816145563105975 0.4767059347215592 0.24801041936894022 0.4767059347215592
0 0.297684814851917 0.2946540954143147 0.370772216398083 0.2946540954143147 0.370772216398083 0.40218498504545547 0.297684814851917 0.40218498504545547
0 0.8358347244550243 0.28361315781888635 0.8921926192949757 0.28361315781888635 0.8921926192949757 0.3665305203420332 0.8358347244550243 0.3665305203420332
0 0.9468671870332167 0.2673735625316292 1.0204179692167832 0.2673735625316292 1.0204179692167832 0.37558620758331335 0.9468671870332167 0.37558620758331335
0 0.20003071979700765 0.26304807050594226 0.30485209270299235 0.26304807050594226 0.30485209270299235 0.41726802144808073 0.20003071979700765 0.41726802144808073
0 0.15978461794654453 0.24370610456503106 0.24500053830345547 0.24370610456503106 0.24500053830345547 0.36908125175680806 0.15978461794654453 0.36908125175680806
0 0.8922850320056083 0.2172411965139983 0.9690430929943917 0.2172411965139983 0.9690430929943917 0.33017259658945 0.8922850320056083 0.33017259658945
0 0.09755522546563715 0.13347205585748914 0.18320649328436284 0.13347205585748914 0.18320649328436284 0.25948771425745343 0.09755522546563715 0.25948771425745343
0 0.049524101977864415 0.0031791385421453475 0.12479230427213558 0.0031791385421453475 0.12479230427213558 0.11391856260727995 0.049524101977864415 0.11391856260727995
