0 0.342529296875 0.9468390804597702 0.07854653125002486 0.11556271264371475
0 0.394775390625 0.9141522988505747 0.0683768113923254 0.10060036618640979
0 0.45703125 0.9324712643678161 0.07839917709541523 0.11534591572658792
0 0.425048828125 0.8279454022988506 0.0856512678187257 0.12601565839996426
0 0.506103515625 0.8397988505747126 0.08159558089388869 0.12004867074043393
0 0.575439453125 0.7787356321839081 0.0781631376639752 0.11499863932171064
0 0.47607421875 0.7442528735632183 0.07595873626027366 0.11175538208408078
0 0.53564453125 0.7000718390804598 0.0621499750605293 0.09143904376721552
0 0.595703125 0.6745689655172413 0.06549524467620006 0.09636081975348974
0 0.76611328125 0.663433908045977 0.07124389890013856 0.10481860987606594
0 0.9228515625 0.6540948275862069 0.07975742040091811 0.11734425070479906
0 0.980224609375 0.6497844827586207 0.06460461009674119 0.09505046083198704
0 0.701416015625 0.6512212643678161 0.06622289138956514 0.09743138043522227
0 0.490478515625 0.6400862068965517 0.0579411081386014 0.0852466878361032
0 0.6298828125 0.6109913793103449 0.07671611711447647 0.11286968954773549
0 0.55615234375 0.6005747126436781 0.07931226759471466 0.11668931324279858
0 0.822021484375 0.5966235632183908 0.07859053193741011 0.11562744928722407
0 0.746826171875 0.5779454022988506 0.05964630782666699 0.08775548737716522
0 0.67724609375 0.5538793103448276 0.07890842548053031 0.11609515472997564
0 0.942138671875 0.5341235632183908 0.09822345046842851 0.1445126627581477
0 0.86279296875 0.516882183908046 0.06734919054752794 0.09908846425383422
0 0.79150390625 0.5010775862068966 0.07674718885212736 0.11291540428818739
0 0.915283203125 0.4360632183908046 0.04784408822366774 0.07039130221413184
0 0.725341796875 0.475933908045977 0.07100422011177675 0.10446597901502785
0 0.859130859375 0.41163793103448276 0.0768713502095041 0.11309807846915546
0 0.970947265625 0.41846264367816094 0.07334302953716497 0.10790698598571398
0 0.92236328125 0.36745689655172414 0.06622829153565299 0.09743932547774233
0 0.2880859375 0.4177442528735632 0.08015103626211954 0.11792336369599198
0 0.334228515625 0.3484195402298851 0.073087401546166 0.10753088963114078
0 0.864013671875 0.3250718390804598 0.05635789483995136 0.08291736252314683
0 0.983642578125 0.32147988505747127 0.07355078218356657 0.10821264505168415
0 0.25244140625 0.3401580459770115 0.10482137290598473 0.15421995094213845
0 0.202392578125 0.30639367816091956 0.08521592035691096 0.12537514719177703
0 0.9306640625 0.27370689655172414 0.07675806098878353 0.11293140007545163
0 0.140380859375 0.19647988505747127 0.0856512678187257 0.12601565839996426
0 0.087158203125 0.058548850574712645 0.07526820229427117 0.1107394240651346
